%YAML:1.0
---
camera_matrix: !!opencv-matrix
   rows: 3
   cols: 3
   dt: d
   data: [ 1416.917119, 0., 562.683109, 
            0., 1414.836255, 373.828477, 
            0., 0., 1. ]
dist_coeff: !!opencv-matrix
   rows: 1
   cols: 5
   dt: d
   data: [0.149056, -0.438415, 0.001835, -0.007304, 0.000000 ]
