%YAML:1.0
---
# Date: 2022-04-29 02:31:05.668519
camera_pos: !!opencv-matrix
   rows: 3
   cols: 1
   dt: d
   data: [ 5.1159112356947656e-01, 1.4092579374667240e+00,
       1.0121109181996317e+00 ]
static_rvec: !!opencv-matrix
   rows: 3
   cols: 1
   dt: d
   data: [ -5.1119997998260662e-02, 2.8149890642509088e+00,
       -1.2074301069382078e+00 ]
static_tvec: !!opencv-matrix
   rows: 3
   cols: 1
   dt: d
   data: [ 4.2362865798257532e-01, -2.0919658756463402e-01,
       1.7461035108647311e+00 ]
mean: !!opencv-matrix
   rows: 3
   cols: 2
   dt: d
   data: [ 69., 89., 540., 221., 142., 254. ]
std: !!opencv-matrix
   rows: 3
   cols: 2
   dt: d
   data: [ 0., 0., 0., 0., 0., 0. ]
